mod/mod_montgomery: OK!
fwd_ntt_non_opt/inv_ntt_opt: OK!
inv_ntt_non_opt/inv_ntt_opt: OK!
unit_test_poly_mul: OK!
unit_test_fwd_inv_ntt_non_opt: OK!
k_inv=8193
M_inv=12265
Mk_inv6=4411
Mk_inv7=4411
mod_Mk_inv6=7519
unit_test_mod_longa: OK!
unit_test_mod_longa_2x: OK!

 in1: [0 00000008] [1 00000005] [2 00000000] [3 00000015] [4 00000015] [5 00000003] [6 00000004] [7 00000015] [8 00000014] [9 00000015] [10 00000007] [11 00000006] [12 00000002] [13 00000011] [14 00000007] [15 00000000] [16 00000007] [17 00000009] [18 00000014] [19 00000008] [20 00000011] [21 00000001] [22 00000000] [23 00000001] [24 00000011] [25 00000013] [26 00000013] [27 00000005] [28 00000007] [29 00000015] [30 00000015] [31 00000000] [32 00000004] [33 00000015] [34 00000015] [35 00000003] [36 00000003] [37 00000003] [38 00000002] [39 00000001] [40 00000002] [41 00000009] [42 00000007] [43 00000005] [44 00000004] [45 00000014] [46 00000005] [47 00000011] [48 00000007] [49 00000004] [50 00000003] [51 00000002] [52 00000005] [53 00000003] [54 00000003] [55 00000001] [56 00000001] [57 00000000] [58 00000006] [59 00000008] [60 00000015] [61 00000005] [62 00000008] [63 00000003] [64 00000005] [65 00000007] [66 00000006] [67 00000008] [68 00000010] [69 00000009] [70 00000009] [71 00000013] [72 00000002] [73 00000000] [74 00000002] [75 00000007] [76 00000014] [77 00000007] [78 00000002] [79 00000005] [80 00000011] [81 00000006] [82 00000007] [83 00000001] [84 00000009] [85 00000010] [86 00000002] [87 00000010] [88 00000010] [89 00000008] [90 00000003] [91 00000010] [92 00000013] [93 00000011] [94 00000013] [95 00000002] [96 00000003] [97 00000004] [98 00000010] [99 00000013] [100 00000013] [101 00000003] [102 00000010] [103 00000015] [104 00000003] [105 00000012] [106 00000006] [107 00000001] [108 00000004] [109 00000009] [110 00000006] [111 00000015] [112 00000015] [113 00000013] [114 00000000] [115 00000008] [116 00000007] [117 00000002] [118 00000003] [119 00000002] [120 00000010] [121 00000006] [122 00000012] [123 00000008] [124 00000001] [125 00000009] [126 00000010] [127 00000004] [128 00000013] [129 00000005] [130 00000002] [131 00000010] [132 00000008] [133 00000012] [134 00000010] [135 00000012] [136 00000009] [137 00000000] [138 00000013] [139 00000013] [140 00000009] [141 00000004] [142 00000012] [143 00000008] [144 00000001] [145 00000013] [146 00000001] [147 00000009] [148 00000015] [149 00000004] [150 00000011] [151 00000010] [152 00000010] [153 00000007] [154 00000002] [155 00000011] [156 00000000] [157 00000012] [158 00000000] [159 00000014] [160 00000001] [161 00000002] [162 00000008] [163 00000010] [164 00000014] [165 00000002] [166 00000006] [167 00000007] [168 00000003] [169 00000003] [170 00000004] [171 00000012] [172 00000007] [173 00000001] [174 00000005] [175 00000009] [176 00000014] [177 00000006] [178 00000002] [179 00000013] [180 00000010] [181 00000013] [182 00000007] [183 00000004] [184 00000004] [185 00000009] [186 00000015] [187 00000004] [188 00000006] [189 00000015] [190 00000002] [191 00000007] [192 00000001] [193 00000011] [194 00000001] [195 00000000] [196 00000013] [197 00000007] [198 00000007] [199 00000000] [200 00000011] [201 00000012] [202 00000013] [203 00000002] [204 00000013] [205 00000002] [206 00000011] [207 00000011] [208 00000008] [209 00000013] [210 00000008] [211 00000002] [212 00000010] [213 00000000] [214 00000006] [215 00000014] [216 00000009] [217 00000005] [218 00000003] [219 00000015] [220 00000005] [221 00000005] [222 00000007] [223 00000006] [224 00000000] [225 00000008] [226 00000006] [227 00000014] [228 00000000] [229 00000014] [230 00000014] [231 00000011] [232 00000010] [233 00000011] [234 00000013] [235 00000007] [236 00000013] [237 00000009] [238 00000002] [239 00000005] [240 00000006] [241 00000010] [242 00000007] [243 00000001] [244 00000010] [245 00001350] [246 00000015] [247 00000004] [248 00000003] [249 00000002] [250 00000003] [251 00000008] [252 00000008] [253 00000010] [254 00000014] [255 00000008] [256 00000003] [257 00000005] [258 00000006] [259 00000003] [260 00000003] [261 00000005] [262 00000014] [263 00000013] [264 00000000] [265 00000011] [266 00000004] [267 00000014] [268 00000004] [269 00000006] [270 00000003] [271 00000011] [272 00000000] [273 00000011] [274 00000012] [275 00000011] [276 00000008] [277 00000011] [278 00000015] [279 00000011] [280 00000014] [281 00000002] [282 00000003] [283 00000006] [284 00000013] [285 00000002] [286 00000014] [287 00000000] [288 00000007] [289 00000005] [290 00000003] [291 00000010] [292 00000010] [293 00000001] [294 00000007] [295 00000010] [296 00000012] [297 00000011] [298 00000008] [299 00000001] [300 00000001] [301 00000012] [302 00000012] [303 00000001] [304 00000007] [305 00000008] [306 00000012] [307 00000015] [308 00000003] [309 00000011] [310 00000011] [311 00000001] [312 00000014] [313 00000014] [314 00000007] [315 00000011] [316 00000000] [317 00000006] [318 00000011] [319 00000007] [320 00000011] [321 00000014] [322 00000001] [323 00000005] [324 00000015] [325 00000008] [326 00000015] [327 00000011] [328 00000003] [329 00000008] [330 00000012] [331 00000004] [332 00000004] [333 00000008] [334 00000006] [335 00000011] [336 00000000] [337 00000002] [338 00000010] [339 00000004] [340 00000014] [341 00000005] [342 00000005] [343 00000012] [344 00000004] [345 00000013] [346 00000007] [347 00000004] [348 00000003] [349 00000002] [350 00000012] [351 00000014] [352 00000000] [353 00000013] [354 00000003] [355 00000015] [356 00000006] [357 00000002] [358 00000010] [359 00000009] [360 00000010] [361 00000007] [362 00000014] [363 00000014] [364 00000015] [365 00000004] [366 00000009] [367 00000000] [368 00000006] [369 00000004] [370 00000004] [371 00000004] [372 00000009] [373 00000009] [374 00000000] [375 00000013] [376 00000006] [377 00000007] [378 00000002] [379 00000009] [380 00000009] [381 00000014] [382 00000007] [383 00000009] [384 00000011] [385 00000010] [386 00000008] [387 00000001] [388 00000013] [389 00000003] [390 00000011] [391 00000007] [392 00000010] [393 00000009] [394 00000006] [395 00000009] [396 00000013] [397 00000015] [398 00000009] [399 00000003] [400 00000003] [401 00000013] [402 00000008] [403 00000013] [404 00000007] [405 00000008] [406 00000010] [407 00000013] [408 00000000] [409 00000012] [410 00000007] [411 00000009] [412 00000010] [413 00000014] [414 00000003] [415 00000006] [416 00000009] [417 00000011] [418 00000007] [419 00000006] [420 00000014] [421 00000002] [422 00000013] [423 00000008] [424 00000011] [425 00000003] [426 00000002] [427 00000008] [428 00000003] [429 00000011] [430 00000012] [431 00000006] [432 00000009] [433 00000004] [434 00000003] [435 00000000] [436 00000012] [437 00000014] [438 00000013] [439 00000012] [440 00000010] [441 00000004] [442 00000006] [443 00000005] [444 00000003] [445 00000009] [446 00000011] [447 00000012] [448 00000004] [449 00000002] [450 00000002] [451 00000003] [452 00000005] [453 00000015] [454 00000011] [455 00000000] [456 00000003] [457 00000013] [458 00000009] [459 00000006] [460 00000009] [461 00000005] [462 00000012] [463 00000002] [464 00000009] [465 00000000] [466 00000002] [467 00000005] [468 00000014] [469 00000015] [470 00000002] [471 00000008] [472 00000004] [473 00000008] [474 00000013] [475 00000007] [476 00000001] [477 00000008] [478 00000003] [479 00000005] [480 00000011] [481 00000005] [482 00000008] [483 00000000] [484 00000004] [485 00000004] [486 00000000] [487 00000007] [488 00000001] [489 00000009] [490 00000013] [491 00000010] [492 00000014] [493 00000010] [494 00000012] [495 00000007] [496 00000010] [497 00000014] [498 00000013] [499 00000008] [500 00000014] [501 00000015] [502 00000000] [503 00000002] [504 00000007] [505 00000014] [506 00000009] [507 00000008] [508 00000006] [509 00000012] [510 00000013] [511 00000001] 
 in2: [0 00000008] [1 00000005] [2 00000000] [3 00000015] [4 00000015] [5 00000003] [6 00000004] [7 00000015] [8 00000014] [9 00000015] [10 00000007] [11 00000006] [12 00000002] [13 00000011] [14 00000007] [15 00000000] [16 00000007] [17 00000009] [18 00000014] [19 00000008] [20 00000011] [21 00000001] [22 00000000] [23 00000001] [24 00000011] [25 00000013] [26 00000013] [27 00000005] [28 00000007] [29 00000015] [30 00000015] [31 00000000] [32 00000004] [33 00000015] [34 00000015] [35 00000003] [36 00000003] [37 00000003] [38 00000002] [39 00000001] [40 00000002] [41 00000009] [42 00000007] [43 00000005] [44 00000004] [45 00000014] [46 00000005] [47 00000011] [48 00000007] [49 00000004] [50 00000003] [51 00000002] [52 00000005] [53 00000003] [54 00000003] [55 00000001] [56 00000001] [57 00000000] [58 00000006] [59 00000008] [60 00000015] [61 00000005] [62 00000008] [63 00000003] [64 00000005] [65 00000007] [66 00000006] [67 00000008] [68 00000010] [69 00000009] [70 00000009] [71 00000013] [72 00000002] [73 00000000] [74 00000002] [75 00000007] [76 00000014] [77 00000007] [78 00000002] [79 00000005] [80 00000011] [81 00000006] [82 00000007] [83 00000001] [84 00000009] [85 00000010] [86 00000002] [87 00000010] [88 00000010] [89 00000008] [90 00000003] [91 00000010] [92 00000013] [93 00000011] [94 00000013] [95 00000002] [96 00000003] [97 00000004] [98 00000010] [99 00000013] [100 00000013] [101 00000003] [102 00000010] [103 00000015] [104 00000003] [105 00000012] [106 00000006] [107 00000001] [108 00000004] [109 00000009] [110 00000006] [111 00000015] [112 00000015] [113 00000013] [114 00000000] [115 00000008] [116 00000007] [117 00000002] [118 00000003] [119 00000002] [120 00000010] [121 00000006] [122 00000012] [123 00000008] [124 00000001] [125 00000009] [126 00000010] [127 00000004] [128 00000013] [129 00000005] [130 00000002] [131 00000010] [132 00000008] [133 00000012] [134 00000010] [135 00000012] [136 00000009] [137 00000000] [138 00000013] [139 00000013] [140 00000009] [141 00000004] [142 00000012] [143 00000008] [144 00000001] [145 00000013] [146 00000001] [147 00000009] [148 00000015] [149 00000004] [150 00000011] [151 00000010] [152 00000010] [153 00000007] [154 00000002] [155 00000011] [156 00000000] [157 00000012] [158 00000000] [159 00000014] [160 00000001] [161 00000002] [162 00000008] [163 00000010] [164 00000014] [165 00000002] [166 00000006] [167 00000007] [168 00000003] [169 00000003] [170 00000004] [171 00000012] [172 00000007] [173 00000001] [174 00000005] [175 00000009] [176 00000014] [177 00000006] [178 00000002] [179 00000013] [180 00000010] [181 00000013] [182 00000007] [183 00000004] [184 00000004] [185 00000009] [186 00000015] [187 00000004] [188 00000006] [189 00000015] [190 00000002] [191 00000007] [192 00000001] [193 00000011] [194 00000001] [195 00000000] [196 00000013] [197 00000007] [198 00000007] [199 00000000] [200 00000011] [201 00000012] [202 00000013] [203 00000002] [204 00000013] [205 00000002] [206 00000011] [207 00000011] [208 00000008] [209 00000013] [210 00000008] [211 00000002] [212 00000010] [213 00000000] [214 00000006] [215 00000014] [216 00000009] [217 00000005] [218 00000003] [219 00000015] [220 00000005] [221 00000005] [222 00000007] [223 00000006] [224 00000000] [225 00000008] [226 00000006] [227 00000014] [228 00000000] [229 00000014] [230 00000014] [231 00000011] [232 00000010] [233 00000011] [234 00000013] [235 00000007] [236 00000013] [237 00000009] [238 00000002] [239 00000005] [240 00000006] [241 00000010] [242 00000007] [243 00000001] [244 00000010] [245 00000013] [246 00000015] [247 00000004] [248 00000003] [249 00000002] [250 00000003] [251 00000008] [252 00000008] [253 00000010] [254 00000014] [255 00000008] [256 00000003] [257 00000005] [258 00000006] [259 00000003] [260 00000003] [261 00000005] [262 00000014] [263 00000013] [264 00000000] [265 00000011] [266 00000004] [267 00000014] [268 00000004] [269 00000006] [270 00000003] [271 00000011] [272 00000000] [273 00000011] [274 00000012] [275 00000011] [276 00000008] [277 00000011] [278 00000015] [279 00000011] [280 00000014] [281 00000002] [282 00000003] [283 00000006] [284 00000013] [285 00000002] [286 00000014] [287 00000000] [288 00000007] [289 00000005] [290 00000003] [291 00000010] [292 00000010] [293 00000001] [294 00000007] [295 00000010] [296 00000012] [297 00000011] [298 00000008] [299 00000001] [300 00000001] [301 00000012] [302 00000012] [303 00000001] [304 00000007] [305 00000008] [306 00000012] [307 00000015] [308 00000003] [309 00000011] [310 00000011] [311 00000001] [312 00000014] [313 00000014] [314 00000007] [315 00000011] [316 00000000] [317 00000006] [318 00000011] [319 00000007] [320 00000011] [321 00000014] [322 00000001] [323 00000005] [324 00000015] [325 00000008] [326 00000015] [327 00000011] [328 00000003] [329 00000008] [330 00000012] [331 00000004] [332 00000004] [333 00000008] [334 00000006] [335 00000011] [336 00000000] [337 00000002] [338 00000010] [339 00000004] [340 00000014] [341 00000005] [342 00000005] [343 00000012] [344 00000004] [345 00000013] [346 00000007] [347 00000004] [348 00000003] [349 00000002] [350 00000012] [351 00000014] [352 00000000] [353 00000013] [354 00000003] [355 00000015] [356 00000006] [357 00000002] [358 00000010] [359 00000009] [360 00000010] [361 00000007] [362 00000014] [363 00000014] [364 00000015] [365 00000004] [366 00000009] [367 00000000] [368 00000006] [369 00000004] [370 00000004] [371 00000004] [372 00000009] [373 00000009] [374 00000000] [375 00000013] [376 00000006] [377 00000007] [378 00000002] [379 00000009] [380 00000009] [381 00000014] [382 00000007] [383 00000009] [384 00000011] [385 00000010] [386 00000008] [387 00000001] [388 00000013] [389 00000003] [390 00000011] [391 00000007] [392 00000010] [393 00000009] [394 00000006] [395 00000009] [396 00000013] [397 00000015] [398 00000009] [399 00000003] [400 00000003] [401 00000013] [402 00000008] [403 00000013] [404 00000007] [405 00000008] [406 00000010] [407 00000013] [408 00000000] [409 00000012] [410 00000007] [411 00000009] [412 00000010] [413 00000014] [414 00000003] [415 00000006] [416 00000009] [417 00000011] [418 00000007] [419 00000006] [420 00000014] [421 00000002] [422 00000013] [423 00000008] [424 00000011] [425 00000003] [426 00000002] [427 00000008] [428 00000003] [429 00000011] [430 00000012] [431 00000006] [432 00000009] [433 00000004] [434 00000003] [435 00000000] [436 00000012] [437 00000014] [438 00000013] [439 00000012] [440 00000010] [441 00000004] [442 00000006] [443 00000005] [444 00000003] [445 00000009] [446 00000011] [447 00000012] [448 00000004] [449 00000002] [450 00000002] [451 00000003] [452 00000005] [453 00000015] [454 00000011] [455 00000000] [456 00000003] [457 00000013] [458 00000009] [459 00000006] [460 00000009] [461 00000005] [462 00000012] [463 00000002] [464 00000009] [465 00000000] [466 00000002] [467 00000005] [468 00000014] [469 00000015] [470 00000002] [471 00000008] [472 00000004] [473 00000008] [474 00000013] [475 00000007] [476 00000001] [477 00000008] [478 00000003] [479 00000005] [480 00000011] [481 00000005] [482 00000008] [483 00000000] [484 00000004] [485 00000004] [486 00000000] [487 00000007] [488 00000001] [489 00000009] [490 00000013] [491 00000010] [492 00000014] [493 00000010] [494 00000012] [495 00000007] [496 00000010] [497 00000014] [498 00000013] [499 00000008] [500 00000014] [501 00000015] [502 00000000] [503 00000002] [504 00000007] [505 00000014] [506 00000009] [507 00000008] [508 00000006] [509 00000012] [510 00000013] [511 00000001] 
unit_test_longa_fwd_inv_ntt: BAD!
